"Parcel" "x" "y"
"1" 1 4417475.55888 5334999.61055
"2" 2 4417484.83567 5334961.4945
"3" 3 4417484.83567 5334961.4945
"4" 4 4417467.34058 5334930.34861
"5" 5 4417485.74608667 5334941.25886333
"6" 6 4417505.06201 5334931.93348
"7" 7 4417444.91625 5334908.88586
"8" 8 4417475.45207132 5334917.94343429
"9" 9 4417509.70151333 5334911.13843667
"10" 10 4417542.07297 5334899.19802
"11" 11 4417542.07297 5334899.19802
"12" 12 4417445.64749 5334874.93094
"13" 13 4417462.84637185 5334888.03842462
"14" 14 4417502.17326485 5334887.16494481
"15" 15 4417544.04113286 5334880.53235271
"16" 16 4417572.32052 5334869.15657333
"17" 17 4417593.06944 5334857.4404
"18" 18 4417618.7334 5334854.0819
"19" 19 4417658.15666 5334859.59256
"20" 20 4417658.15666 5334859.59256
"21" 21 4417686.79686 5334867.51279667
"22" 22 4417714.62423396 5334872.84113375
"23" 23 4417702.47065 5334883.60946
"24" 24 4417717.18356 5334892.11308
"25" 25 4417765.67314 5334924.09192
"26" 26 4417716.96386109 5334868.50113183
"27" 27 4417763.25234 5334893.57398
"28" 28 4417761.42358 5334871.96172
"29" 29 4417786.5939 5334860.30746
"30" 30 4417760.54817 5334828.67426
"31" 31 4417750.99874441 5334845.50836853
"32" 32 4417711.14779677 5334844.42688246
"33" 33 4417669.95586067 5334842.07464935
"34" 34 4417629.92738093 5334839.00771304
"35" 35 4417596.14222028 5334839.78474798
"36" 36 4417558.78436777 5334845.49382565
"37" 37 4417519.17400447 5334852.50183534
"38" 38 4417483.01303839 5334849.91429402
"39" 39 4417444.6978702 5334857.71349543
"40" 40 4417410.84543 5334846.48059
"41" 41 4417420.66009 5334802.80027
"42" 42 4417436.25627539 5334822.80640022
"43" 43 4417478.42665266 5334816.68705631
"44" 44 4417518.70650117 5334813.80270141
"45" 45 4417555.4855696 5334813.72453553
"46" 46 4417595.59405391 5334806.52017889
"47" 47 4417632.8486105 5334803.61930865
"48" 48 4417673.83194884 5334809.60259771
"49" 49 4417712.15342209 5334810.25635304
"50" 50 4417748.11033574 5334807.48757362
"51" 51 4417768.65622 5334776.57821
"52" 52 4417801.64738 5334753.68174
"53" 53 4417775.72092667 5334761.01116667
"54" 54 4417745.53242199 5334769.04016636
"55" 55 4417713.01487767 5334772.77676453
"56" 56 4417674.57761188 5334772.44079283
"57" 57 4417633.85810402 5334770.68199629
"58" 58 4417592.80550852 5334772.50447986
"59" 59 4417553.11139734 5334774.95945345
"60" 60 4417515.65840472 5334777.09158127
"61" 61 4417478.8357506 5334784.64075929
"62" 62 4417435.41557698 5334786.37305166
"63" 63 4417403.07602 5334773.12326
"64" 64 4417377.73166 5334738.16459
"65" 65 4417413.37280813 5334754.16729994
"66" 66 4417454.08514175 5334750.07163944
"67" 67 4417489.99690777 5334744.33342395
"68" 68 4417532.58655871 5334742.53551647
"69" 69 4417571.67003829 5334740.98464769
"70" 70 4417612.7444965 5334737.69334454
"71" 71 4417652.12184483 5334736.34365605
"72" 72 4417690.1455707 5334733.67342445
"73" 73 4417733.28823838 5334735.37068615
"74" 74 4417771.13308992 5334735.88732787
"75" 75 4417784.80119 5334719.01856
"76" 76 4417811.48349 5334694.58788
"77" 77 4417788.27385667 5334699.96474667
"78" 78 4417754.50192665 5334701.68497561
"79" 79 4417714.43619414 5334700.97210145
"80" 80 4417672.2459367 5334701.22545515
"81" 81 4417628.16559584 5334700.05855695
"82" 82 4417594.45430672 5334705.21782279
"83" 83 4417552.48887494 5334708.87300332
"84" 84 4417510.83019906 5334709.50576433
"85" 85 4417470.80873998 5334712.79199658
"86" 86 4417427.77126861 5334717.71115023
"87" 87 4417388.37581185 5334723.50590919
"88" 88 4417357.19106 5334709.34828
"89" 89 4417342.09376 5334661.05547
"90" 90 4417367.2652967 5334686.62295471
"91" 91 4417408.97906734 5334685.25186657
"92" 92 4417448.48458749 5334679.77579032
"93" 93 4417489.725698 5334676.03812194
"94" 94 4417532.7335299 5334674.4221217
"95" 95 4417573.36412003 5334672.73952168
"96" 96 4417612.11920061 5334669.28553215
"97" 97 4417651.16909749 5334668.79208691
"98" 98 4417691.48637271 5334667.34483741
"99" 99 4417733.40290075 5334666.6446973
"100" 100 4417776.66318771 5334669.13271558
"101" 101 4417788.05249 5334651.60784
"102" 102 4417781.05477 5334611.93231
"103" 103 4417764.28125631 5334632.29853235
"104" 104 4417722.45823235 5334629.55465579
"105" 105 4417684.26765018 5334632.51900685
"106" 106 4417641.57990951 5334633.23707011
"107" 107 4417600.88751834 5334633.96091857
"108" 108 4417563.18029865 5334637.77525986
"109" 109 4417517.10724838 5334635.87035389
"110" 110 4417477.33448474 5334636.42104064
"111" 111 4417434.94966494 5334643.04964894
"112" 112 4417397.77667828 5334646.01693782
"113" 113 4417361.19901062 5334647.36485953
"114" 114 4417340.68793 5334629.84128
"115" 115 4417320.48177 5334590.89394
"116" 116 4417349.7951634 5334605.99836441
"117" 117 4417385.4523326 5334603.39238339
"118" 118 4417422.24142954 5334608.80253493
"119" 119 4417462.69472767 5334606.07105265
"120" 120 4417512.15855983 5334599.19226187
"121" 121 4417550.40403125 5334602.44175486
"122" 122 4417594.31401663 5334596.35548012
"123" 123 4417635.73812409 5334596.56493714
"124" 124 4417674.13237366 5334597.10707078
"125" 125 4417715.62091921 5334596.97244465
"126" 126 4417752.66440359 5334591.53502535
"127" 127 4417773.53910333 5334573.7052
"128" 128 4417780.26228 5334546.23901
"129" 129 4417756.57245667 5334549.70904
"130" 130 4417729.68319431 5334558.58157075
"131" 131 4417692.90280659 5334562.85176329
"132" 132 4417653.72673313 5334562.35811901
"133" 133 4417610.16733832 5334561.77297768
"134" 134 4417569.60571928 5334566.47173741
"135" 135 4417529.22443098 5334568.35624841
"136" 136 4417482.10968055 5334572.75510227
"137" 137 4417441.88236162 5334578.70840815
"138" 138 4417409.10622596 5334575.59961066
"139" 139 4417369.69737107 5334571.82323094
"140" 140 4417329.04412638 5334572.58641581
"141" 141 4417302.63878 5334557.36513
"142" 142 4417279.57864 5334527.62758
"143" 143 4417308.13660386 5334542.43518581
"144" 144 4417347.4928358 5334540.75537065
"145" 145 4417384.56891161 5334535.70384872
"146" 146 4417419.24366415 5334534.4084842
"147" 147 4417458.94204667 5334542.46860628
"148" 148 4417504.16044418 5334539.67061761
"149" 149 4417544.23352016 5334534.49972213
"150" 150 4417588.65844331 5334530.94734445
"151" 151 4417632.2913357 5334527.81004864
"152" 152 4417672.58297065 5334526.3121429
"153" 153 4417706.78665658 5334522.16565518
"154" 154 4417724.73565667 5334518.76999
"155" 155 4417763.05020115 5334526.84299674
"156" 156 4417800.07996 5334507.73615
"157" 157 4417770.23981 5334478.38679
"158" 158 4417758.16721877 5334495.91685499
"159" 159 4417718.07023501 5334487.35068832
"160" 160 4417686.51498787 5334488.95738845
"161" 161 4417650.39153377 5334491.56879206
"162" 162 4417609.66876434 5334493.96013563
"163" 163 4417561.68363252 5334496.65273972
"164" 164 4417520.47731184 5334499.36463007
"165" 165 4417482.28950271 5334506.24889789
"166" 166 4417442.57668013 5334503.74810768
"167" 167 4417400.24695657 5334496.7442936
"168" 168 4417356.15327509 5334500.59372297
"169" 169 4417316.51806741 5334508.02772097
"170" 170 4417291.75564333 5334515.31119
"171" 171 4417283.7376 5334492.76493
"172" 172 4417268.05415 5334455.69191
"173" 173 4417297.42477282 5334468.7938273
"174" 174 4417332.77555409 5334471.46256789
"175" 175 4417375.41998283 5334466.70552434
"176" 176 4417421.32257588 5334466.59181972
"177" 177 4417459.66152638 5334470.05358425
"178" 178 4417495.94934389 5334467.74400164
"179" 179 4417540.35535202 5334466.69673893
"180" 180 4417585.23223075 5334463.56677404
"181" 181 4417629.75960107 5334460.39441647
"182" 182 4417668.86132755 5334456.40871634
"183" 183 4417708.1751267 5334455.82003734
"184" 184 4417745.53028138 5334455.5107718
"185" 185 4417771.57338667 5334449.04464333
"186" 186 4417791.65516 5334438.72629
"187" 187 4417785.44442 5334368.8127
"188" 188 4417771.50675597 5334403.50308328
"189" 189 4417736.1331038 5334409.21959085
"190" 190 4417698.41939222 5334420.17689227
"191" 191 4417656.43510421 5334424.34152398
"192" 192 4417611.31106902 5334431.16741669
"193" 193 4417559.11812365 5334433.56333142
"194" 194 4417510.34253252 5334435.46981998
"195" 195 4417476.13833667 5334435.51071896
"196" 196 4417439.20737672 5334430.05503488
"197" 197 4417397.59584135 5334430.63100312
"198" 198 4417352.36620746 5334434.06545307
"199" 199 4417314.34401673 5334424.95473236
"200" 200 4417277.11537293 5334434.37795588
"201" 201 4417241.36606 5334425.195
"202" 202 4417226.78156 5334375.93432
"203" 203 4417252.12889449 5334400.83089247
"204" 204 4417289.88877771 5334396.77551643
"205" 205 4417331.9131453 5334391.73248745
"206" 206 4417374.98958491 5334397.97538659
"207" 207 4417414.78954441 5334391.04237459
"208" 208 4417453.60595305 5334388.01494035
"209" 209 4417486.59472265 5334397.86669895
"210" 210 4417533.95637603 5334407.33823443
"211" 211 4417586.61008126 5334403.9759057
"212" 212 4417631.60683643 5334394.43228491
"213" 213 4417680.75679188 5334384.60307972
"214" 214 4417719.32873838 5334374.82637823
"215" 215 4417753.93817571 5334355.428979
"216" 216 4417785.30887667 5334345.55246667
"217" 217 4417806.72626 5334334.65709
"218" 218 4417816.19874 5334306.99187
"219" 219 4417791.80998059 5334320.5771797
"220" 220 4417745.14306836 5334325.95888451
"221" 221 4417706.87067536 5334337.01836655
"222" 222 4417683.32239667 5334341.46841333
"223" 223 4417655.42921634 5334357.99565109
"224" 224 4417605.55044056 5334369.31456806
"225" 225 4417559.63695811 5334379.92121213
"226" 226 4417516.82447997 5334377.39383818
"227" 227 4417480.98149948 5334358.60999715
"228" 228 4417433.78809818 5334356.31631248
"229" 229 4417390.45025714 5334365.42387651
"230" 230 4417354.92672162 5334363.26913538
"231" 231 4417312.25798405 5334365.58980221
"232" 232 4417263.8459863 5334362.135816
"233" 233 4417235.70095668 5334364.96739748
"234" 234 4417211.64728 5334370.14983
"235" 235 4417212.67189 5334316.50652
"236" 236 4417228.50761963 5334333.93712311
"237" 237 4417270.47269963 5334336.58338211
"238" 238 4417303.42161 5334345.07239667
"239" 239 4417336.93355319 5334330.83390985
"240" 240 4417374.48690576 5334327.15080479
"241" 241 4417414.09867412 5334331.46819146
"242" 242 4417461.19005575 5334327.24971646
"243" 243 4417506.64648358 5334334.02529625
"244" 244 4417546.70500659 5334333.77175404
"245" 245 4417593.46091753 5334324.39816934
"246" 246 4417635.92727378 5334322.5463027
"247" 247 4417673.82086176 5334316.13541981
"248" 248 4417710.26399946 5334301.48692106
"249" 249 4417747.22774832 5334293.35811046
"250" 250 4417792.34754043 5334288.07609384
"251" 251 4417817.32854 5334270.96977
"252" 252 4417836.15935 5334244.76354
"253" 253 4417797.50043624 5334261.51737375
"254" 254 4417747.86562001 5334259.03462276
"255" 255 4417706.83427375 5334265.64090034
"256" 256 4417670.38945306 5334277.86855545
"257" 257 4417639.90311823 5334280.77352036
"258" 258 4417596.3935723 5334283.04389861
"259" 259 4417545.07648157 5334286.78684646
"260" 260 4417504.50373649 5334292.83935941
"261" 261 4417457.34080586 5334297.92712523
"262" 262 4417417.67326971 5334295.59479705
"263" 263 4417384.7662667 5334296.80022328
"264" 264 4417331.20378398 5334305.30013391
"265" 265 4417294.95280769 5334307.38365963
"266" 266 4417253.93396251 5334304.50807786
"267" 267 4417216.86734 5334301.90879667
"268" 268 4417193.56582 5334297.5367
"269" 269 4417180.28196 5334263.79256
"270" 270 4417208.41705368 5334281.13020076
"271" 271 4417253.81155196 5334276.45604842
"272" 272 4417297.53597351 5334273.08180773
"273" 273 4417335.09961426 5334274.44610385
"274" 274 4417375.66448525 5334265.7850479
"275" 275 4417418.482184 5334264.05445604
"276" 276 4417461.29589353 5334263.99970089
"277" 277 4417501.40113379 5334257.23709596
"278" 278 4417545.05626706 5334257.89559628
"279" 279 4417591.85263454 5334260.25819992
"280" 280 4417628.06918805 5334248.52085517
"281" 281 4417659.54021932 5334235.16092556
"282" 282 4417699.27956731 5334231.27941349
"283" 283 4417751.00043224 5334229.94488059
"284" 284 4417797.98868126 5334233.97938879
"285" 285 4417828.09625333 5334223.6283
"286" 286 4417843.74763 5334210.99081
"287" 287 4417860.34279 5334172.09733
"288" 288 4417834.99259852 5334191.35426247
"289" 289 4417801.39829336 5334191.69124873
"290" 290 4417753.9331901 5334201.41665487
"291" 291 4417705.00627698 5334200.89042864
"292" 292 4417675.15887 5334195.14714333
"293" 293 4417640.46644222 5334203.88899137
"294" 294 4417604.11239545 5334212.41651855
"295" 295 4417565.82751238 5334220.88846024
"296" 296 4417522.9597761 5334219.74681127
"297" 297 4417479.50528773 5334222.65430988
"298" 298 4417437.16629702 5334227.92291343
"299" 299 4417396.37401753 5334228.9984372
"300" 300 4417348.85060767 5334232.03454819
"301" 301 4417309.0301163 5334232.84682056
"302" 302 4417272.22249431 5334239.59849432
"303" 303 4417228.57483971 5334246.27538085
"304" 304 4417186.91288504 5334244.87238647
"305" 305 4417156.86457 5334224.50309
"306" 306 4417156.86457 5334224.50309
"307" 307 4417156.86457 5334224.50309
"308" 308 4417194.32493 5334225.47751
"309" 309 4417238.02167 5334227.71897
"310" 310 4417280.27124 5334217.29474
"311" 311 4417312.08901 5334211.85121
"312" 312 4417358.78648 5334217.74599
"313" 313 4417402.01717 5334206.45577
"314" 314 4417445.53052 5334208.42093
"315" 315 4417486.69272 5334202.84298
"316" 316 4417529.9487 5334193.84274
"317" 317 4417575.85107 5334199.37926
"318" 318 4417610.63027 5334187.11439
"319" 319 4417656.28891 5334188.30443
"320" 320 4417698.94013 5334182.62262
"321" 321 4417742.0927 5334192.09394
"322" 322 4417788.523 5334176.41846
"323" 323 4417836.85138 5334163.31884
"324" 324 4417860.34279 5334172.09733
